0.24901797; 0.24901797000000003; 0.24902161499999997; 0.24902161499999997; 0.2490215969611417; 0.24901795189393744; 0.24902526603535416; 0.24901791588342512; 0.2490215909934344; 0.24901797000000003; 0.2490178623753745; 0.24902159099343443; 0.24901791588342512; 0.24901780947480298; 0.24900676543427047; 0.2490178801447568; 0.2489950845203507; 0.24899111633560042; 0.24898244289441804; 0.24897383977391802; 
1.2472388830305086E-4; 5.483355399054405E-5; 8.909817367334843E-5; 5.4532816685916904E-5; 5.562427105521233E-5; 9.489219885643816E-5; 1.5406475834250124E-4; 4.7909551897554247E-5; 1.1412935212946767E-4; 6.590375190435715E-5; 6.274047089936381E-5; 1.4311579821843962E-4; 1.1908543463984838E-4; 1.015307221917822E-4; 8.862131524457161E-5; 1.2396389813537393E-4; 1.0092721436061183E-4; 1.0247174026241955E-4; 7.349149948319209E-5; 4.998209329568304E-5; 
2.721028395051347E-5; 3.2496401574840664E-5; 3.8876789804946296E-5; 4.171537864815491E-5; 3.300517003553292E-5; 4.88080204093999E-5; 5.849366255927255E-5; 3.742958243819163E-5; 4.624704247174226E-5; 5.304518856918817E-5; 4.34175958950923E-5; 5.675494267162642E-5; 6.89360498529334E-5; 6.0416621641985974E-5; 6.919816676207517E-5; 6.32694113477269E-5; 7.477340606743364E-5; 7.195378016485559E-5; 7.234584394183669E-5; 6.18721952052473E-5; 
1.0744063705588914E-4; 7.321687501169771E-5; 6.801236151594812E-5; 6.290200354174887E-5; 7.11357900590851E-5; 8.392156028393349E-5; 9.001933586578427E-5; 6.945535838927345E-5; 8.922530699859821E-5; 7.981205731952371E-5; 8.226850983258304E-5; 9.770882141884662E-5; 1.0270766745479818E-4; 9.600421012384691E-5; 9.972286584010123E-5; 9.597473936154223E-5; 1.0468157268935804E-4; 1.0376067332982562E-4; 1.1017490385152882E-4; 1.0126764519443521E-4; 
9.095695040068372E-5; 8.625069501397817E-5; 8.920838586560678E-5; 8.763514272957269E-5; 8.275347138755926E-5; 1.1179535504136916E-4; 1.1553748037272177E-4; 9.202197769039297E-5; 1.1144918012970584E-4; 1.2008377837066285E-4; 1.0889951773737627E-4; 1.2104009952701583E-4; 1.5802515561161518E-4; 1.4413914961753093E-4; 1.6653168656984534E-4; 1.5779402018293806E-4; 1.8962570337027613E-4; 1.9282754476524888E-4; 2.1065868351641712E-4; 1.8905535272577224E-4; 
1.8890339846975765E-4; 1.7384629379982398E-4; 1.7097791061750615E-4; 1.658226236430429E-4; 1.7548465256356932E-4; 2.270644603801638E-4; 2.2095934562187689E-4; 2.1386080226009743E-4; 2.4780623202257335E-4; 2.7184525728549873E-4; 2.5954796375739973E-4; 2.56795064078565E-4; 3.938390612586664E-4; 3.6229552027867854E-4; 4.321503384315717E-4; 4.1189283019836727E-4; 5.296037906793794E-4; 5.391333437368885E-4; 6.289774710763415E-4; 5.743273740950754E-4; 
4.219132883162578E-4; 4.841868413066972E-4; 4.884656107866458E-4; 4.809883345089439E-4; 5.301930897254261E-4; 7.192946230858121E-4; 5.833587213242289E-4; 6.816569772975751E-4; 8.367846620584022E-4; 9.927156497457428E-4; 9.217657336887785E-4; 8.062066420775482E-4; 0.0017364278213322173; 0.0015163436667973039; 0.002055865848117003; 0.0019205586027123888; 0.002804401464766076; 0.0026737095534323436; 0.0035131923395407593; 0.0030472954153935397; 
0.0017611469480586614; 0.0025697564090485657; 0.0023666608541121586; 0.002355832024774484; 0.003019959138524444; 0.004263814725701109; 0.0025924078983679; 0.0046375272345911146; 0.0049976420116404395; 0.006856713872854004; 0.0066581236140813025; 0.004728695446604212; 0.013355058327344196; 0.010546908356287786; 0.018254045271388495; 0.013426218986775835; 0.01869945033421132; 0.014480663646668477; 0.024460893233865334; 0.016738412632682654; 
0.010112776935144533; 0.016063454840590397; 0.010762112693504577; 0.01065367316034274; 0.012302442241431233; 0.020507216646694245; 0.009410834816983455; 0.022489920210282042; 0.012910335566017292; 0.023091054526496582; 0.023801547913766458; 0.010062242617145606; 0.021423223769413316; 0.022806059773730618; 0.04231645430040304; 0.020905296569219002; 0.01590692493480268; 0.018509389140098215; 0.03578727597542913; 0.01702652048834365; 
0.015819783664423614; 0.018130977869659275; 0.007625290099225216; 0.007855031165763708; 0.005711867254980814; 0.012491949354044341; 0.004302503915440222; 0.010460062391901472; 0.002809317653174952; 0.007327901032855529; 0.0068817199692251824; 0.0014005946539758767; 0.0017428633244912443; 0.00332070476187998; 0.004929913185724584; 0.001896335478523664; 6.730117467473671E-4; 0.0022992512990116756; 0.003521264883958315; 0.0011750215224378387; 
0.0018369298222102835; 0.0013853409540636925; 5.312003088145739E-4; 4.4747774909010304E-4; 1.9384437255489016E-4; 4.683682208559878E-4; 1.6253556350127638E-4; 2.8812030119907116E-4; 4.368744509590987E-5; 1.5433964329936856E-4; 1.2788157473670643E-4; 1.551285090456615E-5; 1.8964709438648856E-5; 4.699359003206563E-5; 5.826001390564945E-5; 1.9743350067844935E-5; 9.872524686176865E-6; 3.7287593676069877E-5; 4.714194597675768E-5; 1.2554990404158508E-5; 
3.142523473321909E-5; 2.1540861694444765E-5; 9.329690374205213E-6; 5.748994115826178E-6; 3.2174187863603397E-6; 6.6015177856511446E-6; 2.1530602030147463E-6; 3.3251477566830924E-6; 6.14107442738147E-7; 2.0224007394385447E-6; 1.8259348107959963E-6; 1.7615272146860242E-7; 2.2621002861280696E-7; 7.065191360385414E-7; 9.743455698708483E-7; 2.3112203186634565E-7; 1.2742885006407474E-7; 6.032917077972086E-7; 8.377736892530153E-7; 1.591402382899982E-7; 
5.860261575282293E-7; 3.9211256471767256E-7; 1.737318981837577E-7; 8.469270098194472E-8; 4.608437709769788E-8; 9.434973678819542E-8; 2.7683098469920464E-8; 4.0219005396260193E-8; 7.129444191129612E-9; 2.2534695772725703E-8; 2.1911892172091227E-8; 2.0610177340903114E-9; 3.2119912933645927E-9; 8.623298831364928E-9; 1.4237046975289531E-8; 3.200154509899735E-9; 2.073828540104676E-9; 7.482003301966958E-9; 1.2663875343860309E-8; 2.305878513734854E-9; 
7.783220026286096E-9; 6.0486086474036424E-9; 2.298756583142584E-9; 1.329610951061626E-9; 6.830454059490164E-10; 1.373440864207221E-9; 3.907305551965135E-10; 5.16883480937659E-10; 9.41607104877197E-11; 3.0851309717914046E-10; 2.7967815871793254E-10; 2.7603452006966508E-11; 4.0616559740565065E-11; 1.2288111928496044E-10; 1.8944499140125936E-10; 4.5099982648971465E-11; 2.5914504681156574E-11; 1.0688105090137375E-10; 1.6828420458137537E-10; 3.315782860660455E-11; 
1.0831346143234398E-10; 7.680005132116713E-11; 3.395829978231481E-11; 1.6642200008864672E-11; 7.89811787404577E-12; 1.6974887870155674E-11; 4.675943414601009E-12; 6.083908497908084E-12; 1.1227592126458806E-12; 3.959333897741944E-12; 3.5512958847769478E-12; 3.922049609996405E-13; 5.696970359183735E-13; 1.8512041016639505E-12; 2.898999504536921E-12; 6.580725538719433E-13; 3.4842010358850004E-13; 1.605754392138443E-12; 2.581416778328593E-12; 4.770619364937496E-13; 
1.6864066609937675E-12; 1.1680197510080132E-12; 5.293345401026312E-13; 2.2743596919403805E-13; 1.0903511207589557E-13; 2.294873524980258E-13; 6.073093680524262E-14; 7.8037745710055E-14; 1.486433172327017E-14; 5.109542781288325E-14; 4.507387503555235E-14; 5.1713953401326135E-15; 7.66127398976359E-15; 2.3770724651719827E-14; 3.5728695080348504E-14; 8.688575526104663E-15; 4.6454552996215665E-15; 2.049513016879737E-14; 3.1382583748578496E-14; 6.1923754385205875E-15; 
2.0395796625310898E-14; 1.3972450007547206E-14; 6.478171589911115E-15; 2.7185354522135976E-15; 1.3103455570339245E-15; 2.778789032536485E-15; 7.334262012691025E-16; 9.76549759248325E-16; 1.9138346131268716E-16; 6.956094481612342E-16; 6.05352499845305E-16; 6.981317840393132E-17; 1.1831874961613885E-16; 3.266249528671943E-16; 4.875425769542179E-16; 1.1847894177222621E-16; 3.4990570006124813E-17; 2.8480230107713888E-16; 4.3163134143754836E-16; 6.281672535035709E-17; 
2.612454781551384E-16; 1.808806712555003E-16; 8.691140857364029E-17; 4.1701227854137847E-17; 1.7376570681418173E-17; 3.482027424921425E-17; 6.146639868270607E-20; 2.0884349234656283E-17; 3.477335973788337E-18; 2.0838957220328644E-17; 1.3899844966589095E-17; 3.4749792392879454E-18; 4.731557114334281E-21; 6.6045912891869716E-21; 1.390256704188601E-17; 1.3884478438812046E-17; 1.3881500226715337E-17; 6.943149179472143E-18; 1.9490202460797765E-20; 6.943678587988874E-18; 
1.42209319040707E-20; 6.147884193481131E-21; 3.4718035378199895E-18; 3.470188338427009E-18; 3.442234570956998E-22; 1.3879601097577098E-17; 3.470221267323972E-18; 8.471234201337983E-22; 6.938999795950332E-18; 1.3878436362651138E-17; 1.3878436362651138E-17; 2.911740379672013E-22; 7.279835625320201E-23; 6.938999795950332E-18; 1.387842308737166E-17; 6.939006406932884E-18; 6.938946843466432E-18; 6.939105662144042E-18; 1.3878639815154496E-17; 6.939211547724797E-18; 
6.939317420380856E-18; 1.3878006202883216E-17; 1.0408632126834038E-17; 2.1180993560185965E-22; 2.6482704298768027E-23; 0.0; 3.469446951953614E-18; 2.2499312661442353E-22; 6.939052748434233E-18; 6.939317433305553E-18; 6.939105675068739E-18; 3.469605773862399E-18; 7.280158742746979E-23; 3.37509076967242E-22; 1.387800453236612E-17; 1.387800618995852E-17; 2.081684715107537E-17; 1.9865259398343805E-23; 1.387821960740332E-17; 1.9858797049808235E-23; 
6.939317420380856E-18; 6.6174449004242214E-24; 6.939052748434233E-18; 1.0408340855860843E-17; 6.93892037368683E-18; 1.1912693290470713E-22; 1.3235859153128778E-22; 2.1175823681357508E-22; 6.93899980887503E-18; 6.93911890995854E-18; 6.939118903496191E-18; 3.469658711806015E-18; 5.294279037766156E-23; 6.93922477615225E-18; 4.25174066026524E-22; 6.939013024377785E-18; 1.3877966482057942E-17; 6.938893903907228E-18; 4.301371497018422E-22; 1.1912047055617156E-22; 
6.938900521352129E-18; 0.0; 6.938893929756623E-18; 1.0408367351489838E-17; 6.938999795950332E-18; 1.1250302565574733E-22; 3.469552834303195E-18; 6.938913807940718E-18; 6.939052754896581E-18; 1.3877801042704258E-17; 0.0; 1.0588073399392144E-22; 1.1249656330721176E-22; 1.3877920169637162E-17; 1.3877791116536907E-17; 2.7755833715367076E-17; 1.3877959864613042E-17; 1.2924697071141057E-26; 2.7755999135333715E-17; 3.2427418716639356E-22; 
6.938900521352129E-18; 2.1177116151064623E-22; 7.946103759337522E-23; 1.0408579109726652E-17; 1.5887037639846588E-22; 1.9858797049808235E-23; 1.1911400820763599E-22; 6.939337324414345E-18; 6.939052735509536E-18; 6.939529204467063E-18; 6.939125533865789E-18; 3.4696851799700295E-18; 1.1249656330721176E-22; 6.93911890995854E-18; 6.352747104407253E-22; 6.939032883174834E-18; 1.387790692505384E-17; 6.938893923294274E-18; 2.7756005752778615E-17; 6.939549056801765E-18; 
2.1837689340434973E-22; 2.1176469916211066E-22; 2.383314139918411E-22; 1.0408446760828643E-17; 7.943518819923294E-23; 1.2924697071141057E-26; 1.0588558075532311E-22; 1.3878224559177885E-17; 3.4695263871418134E-18; 1.3878429699969798E-17; 6.939125533865789E-18; 7.941095439222455E-23; 5.294279037766156E-23; 6.939118916420888E-18; 6.352747104407253E-22; 2.3161057151484775E-22; 6.617768017851E-23; 6.938893910369577E-18; 3.2311742677852644E-27; 3.308851697182822E-22; 
2.1837689340434973E-22; 6.649756643102074E-24; 2.1180993560185965E-22; 1.0408499674538453E-17; 5.295248390046491E-23; 1.1911400820763599E-22; 3.46956607242417E-18; 1.9852334701272664E-23; 6.938920380149179E-18; 6.938913769166627E-18; 6.939317420380856E-18; 1.3235051359561832E-22; 6.623907248959792E-24; 2.2501251366003024E-22; 3.311953624479896E-24; 1.9852334701272664E-23; 7.941256997935844E-23; 0.0; 4.23519704801418E-22; 2.1176469916211066E-22; 
6.617848797207695E-24; 1.9897571141021658E-23; 2.647494948052534E-22; 3.469711649749631E-18; 6.93892037368683E-18; 1.1912047055617156E-22; 3.46956607242417E-18; 1.387801943131067E-17; 6.938946856391129E-18; 2.1177116151064623E-22; 6.939317420380856E-18; 2.1176469916211066E-22; 5.956346645235356E-23; 6.938893923294274E-18; 3.311953624479896E-24; 1.3878112075539275E-17; 1.1911400820763599E-22; 6.462348535570529E-27; 4.268251960773623E-22; 0.0; 
0.0; 1.1915924464738498E-22; 1.32400596796769E-22; 3.469711649749631E-18; 6.938893903907228E-18; 0.0; 3.469460190074589E-18; 2.2500605131149467E-22; 5.294602155192934E-23; 1.3877807685998552E-17; 6.939105662144042E-18; 1.323537447698861E-22; 1.0588234958105533E-22; 1.2924697071141057E-26; 1.3878849907720975E-17; 2.775589988335373E-17; 6.938999783025635E-18; 6.462348535570529E-27; 8.470361784285681E-22; 6.938999783025635E-18; 
2.1175904460714203E-22; 1.125094880042829E-22; 7.940933880509066E-23; 5.301710738582062E-23; 5.296540859753605E-23; 1.3241352149384013E-23; 3.176405863946304E-22; 1.3260739194990725E-23; 5.294602155192934E-23; 2.1175823681357508E-22; 1.3234889800848443E-23; 1.0587911840678754E-22; 1.0588234958105533E-22; 6.938893910369577E-18; 3.311953624479896E-24; 6.938999783025635E-18; 0.0; 6.938893903907228E-18; 0.0; 1.0587911840678754E-22; 
0.0; 1.2924697071141057E-26; 2.5849394142282115E-26; 2.5849394142282115E-26; 1.2924697071141057E-26; 0.0; 3.4698704716584156E-18; 2.1175823681357508E-22; 6.462348535570529E-27; 6.938900547201523E-18; 6.938893903907228E-18; 1.588202931973152E-22; 5.293955920339377E-23; 0.0; 1.3878214636241708E-17; 1.3877794425259357E-17; 6.938946843466432E-18; 0.0; 3.311953624479896E-24; 6.938999783025635E-18; 
0.0; 0.0; 7.943518819923294E-23; 5.296540859753605E-23; 0.0; 1.3241352149384013E-23; 1.0587911840678754E-22; 1.3260739194990725E-23; 5.295248390046491E-23; 0.0; 0.0; 5.293955920339377E-23; 0.0; 6.939118903496191E-18; 0.0; 6.939112286051291E-18; 5.293955920339377E-23; 6.938893903907228E-18; 3.311953624479896E-24; 1.0587911840678754E-22; 
0.0; 1.2924697071141057E-26; 2.5849394142282115E-26; 1.0587911840678754E-22; 2.6482704298768027E-23; 1.3241352149384013E-23; 3.469764592540009E-18; 1.387800618349617E-17; 5.295248390046491E-23; 6.939112305438337E-18; 1.387801280094107E-17; 5.293955920339377E-23; 1.3234889800848443E-23; 1.1912047055617156E-22; 0.0; 1.0588558075532311E-22; 6.617768017851E-23; 0.0; 3.311953624479896E-24; 2.1175823681357508E-22; 
0.0; 1.9884646443950517E-23; 7.946103759337522E-23; 3.469605770631224E-18; 6.938946869315826E-18; 1.3241352149384013E-23; 3.469460190074589E-18; 1.3878231189547482E-17; 6.462348535570529E-27; 6.630369597495362E-24; 6.93910566860639E-18; 1.588219087844491E-22; 7.279512507893422E-23; 3.1765674226596934E-22; 0.0; 1.3878112075539275E-17; 6.617768017851E-23; 6.462348535570529E-27; 4.268284272516301E-22; 0.0; 
2.1175904460714203E-22; 1.1915924464738498E-22; 7.943518819923294E-23; 3.469711675599025E-18; 6.93892037368683E-18; 0.0; 3.4694601933057636E-18; 1.3247814497919584E-23; 5.294602155192934E-23; 1.3878006196420868E-17; 0.0; 1.0588073399392144E-22; 1.1249656330721176E-22; 1.2924697071141057E-26; 1.3878211324288084E-17; 2.775589988335373E-17; 6.938999783025635E-18; 6.462348535570529E-27; 4.2351647362715017E-22; 6.938999783025635E-18; 
2.1175904460714203E-22; 1.125094880042829E-22; 7.940933880509066E-23; 5.301710738582062E-23; 5.296540859753605E-23; 1.3241352149384013E-23; 2.1176146798784287E-22; 1.3260739194990725E-23; 5.294602155192934E-23; 0.0; 1.3241352149384013E-23; 1.0587911840678754E-22; 1.0588234958105533E-22; 6.938893910369577E-18; 3.311953624479896E-24; 6.938999783025635E-18; 0.0; 6.938893903907228E-18; 0.0; 1.0587911840678754E-22; 
0.0; 1.2924697071141057E-26; 2.5849394142282115E-26; 2.5849394142282115E-26; 1.2924697071141057E-26; 0.0; 3.4698704716584156E-18; 2.1175823681357508E-22; 6.462348535570529E-27; 6.938900547201523E-18; 6.938893903907228E-18; 1.588202931973152E-22; 5.293955920339377E-23; 0.0; 1.3878214636241708E-17; 1.3877794425259357E-17; 6.938946843466432E-18; 0.0; 3.311953624479896E-24; 6.938999783025635E-18; 
0.0; 0.0; 7.943518819923294E-23; 5.296540859753605E-23; 0.0; 1.3241352149384013E-23; 1.0587911840678754E-22; 1.3260739194990725E-23; 5.295248390046491E-23; 0.0; 0.0; 5.293955920339377E-23; 0.0; 6.939118903496191E-18; 0.0; 6.939112286051291E-18; 5.293955920339377E-23; 6.938893903907228E-18; 3.311953624479896E-24; 1.0587911840678754E-22; 
0.0; 1.2924697071141057E-26; 2.5849394142282115E-26; 1.0587911840678754E-22; 2.6482704298768027E-23; 1.3241352149384013E-23; 3.469764592540009E-18; 1.387800618349617E-17; 5.295248390046491E-23; 6.939112305438337E-18; 1.387801280094107E-17; 5.293955920339377E-23; 1.3234889800848443E-23; 1.1912047055617156E-22; 0.0; 1.0588558075532311E-22; 6.617768017851E-23; 0.0; 3.311953624479896E-24; 2.1175823681357508E-22; 
0.0; 1.9884646443950517E-23; 7.946103759337522E-23; 3.469605770631224E-18; 6.938946869315826E-18; 1.3241352149384013E-23; 3.469460190074589E-18; 1.3878231189547482E-17; 6.462348535570529E-27; 6.630369597495362E-24; 6.93910566860639E-18; 1.588219087844491E-22; 7.279512507893422E-23; 3.1765674226596934E-22; 0.0; 1.3878112075539275E-17; 6.617768017851E-23; 6.462348535570529E-27; 4.268284272516301E-22; 0.0; 
2.1175904460714203E-22; 1.1915924464738498E-22; 7.943518819923294E-23; 3.469711675599025E-18; 6.93892037368683E-18; 0.0; 3.4694601933057636E-18; 1.3247814497919584E-23; 5.294602155192934E-23; 1.3878006196420868E-17; 0.0; 1.0588073399392144E-22; 1.1249656330721176E-22; 1.2924697071141057E-26; 1.3878211324288084E-17; 2.775589988335373E-17; 6.938999783025635E-18; 6.462348535570529E-27; 4.2351647362715017E-22; 6.938999783025635E-18; 
2.1175904460714203E-22; 1.125094880042829E-22; 7.940933880509066E-23; 5.301710738582062E-23; 5.296540859753605E-23; 1.3241352149384013E-23; 2.1176146798784287E-22; 1.3260739194990725E-23; 5.294602155192934E-23; 0.0; 1.3241352149384013E-23; 1.0587911840678754E-22; 1.0588234958105533E-22; 6.938893910369577E-18; 3.311953624479896E-24; 6.938999783025635E-18; 0.0; 6.938893903907228E-18; 0.0; 1.0587911840678754E-22; 
0.0; 1.2924697071141057E-26; 2.5849394142282115E-26; 2.5849394142282115E-26; 1.2924697071141057E-26; 0.0; 3.4698704716584156E-18; 2.1175823681357508E-22; 6.462348535570529E-27; 6.938900547201523E-18; 6.938893903907228E-18; 1.588202931973152E-22; 5.293955920339377E-23; 0.0; 1.3878214636241708E-17; 1.3877794425259357E-17; 6.938946843466432E-18; 0.0; 3.311953624479896E-24; 6.938999783025635E-18; 
0.0; 0.0; 7.943518819923294E-23; 5.296540859753605E-23; 0.0; 1.3241352149384013E-23; 1.0587911840678754E-22; 1.3260739194990725E-23; 5.295248390046491E-23; 0.0; 0.0; 5.293955920339377E-23; 0.0; 6.939118903496191E-18; 0.0; 6.939112286051291E-18; 5.293955920339377E-23; 6.938893903907228E-18; 3.311953624479896E-24; 1.0587911840678754E-22; 
0.0; 1.2924697071141057E-26; 2.5849394142282115E-26; 1.0587911840678754E-22; 2.6482704298768027E-23; 1.3241352149384013E-23; 3.469764592540009E-18; 1.387800618349617E-17; 5.295248390046491E-23; 6.939112305438337E-18; 1.387801280094107E-17; 5.293955920339377E-23; 1.3234889800848443E-23; 1.1912047055617156E-22; 0.0; 1.0588558075532311E-22; 6.617768017851E-23; 0.0; 3.311953624479896E-24; 2.1175823681357508E-22; 
0.0; 1.9884646443950517E-23; 7.946103759337522E-23; 3.469605770631224E-18; 6.938946869315826E-18; 1.3241352149384013E-23; 3.469460190074589E-18; 1.3878231189547482E-17; 6.462348535570529E-27; 6.630369597495362E-24; 6.93910566860639E-18; 1.588219087844491E-22; 7.279512507893422E-23; 3.1765674226596934E-22; 0.0; 1.3878112075539275E-17; 6.617768017851E-23; 6.462348535570529E-27; 4.268284272516301E-22; 0.0; 
2.1175904460714203E-22; 1.1915924464738498E-22; 7.943518819923294E-23; 3.469711675599025E-18; 6.93892037368683E-18; 0.0; 3.4694601933057636E-18; 1.3247814497919584E-23; 5.294602155192934E-23; 1.3878006196420868E-17; 0.0; 1.0588073399392144E-22; 1.1249656330721176E-22; 1.2924697071141057E-26; 1.3878211324288084E-17; 2.775589988335373E-17; 6.938999783025635E-18; 6.462348535570529E-27; 4.2351647362715017E-22; 6.938999783025635E-18; 
2.1175904460714203E-22; 1.125094880042829E-22; 7.940933880509066E-23; 5.301710738582062E-23; 5.296540859753605E-23; 1.3241352149384013E-23; 2.1176146798784287E-22; 1.3260739194990725E-23; 5.294602155192934E-23; 0.0; 1.3241352149384013E-23; 1.0587911840678754E-22; 1.0588234958105533E-22; 6.938893910369577E-18; 3.311953624479896E-24; 6.938999783025635E-18; 0.0; 6.938893903907228E-18; 0.0; 1.0587911840678754E-22; 
0.0; 1.2924697071141057E-26; 2.5849394142282115E-26; 2.5849394142282115E-26; 1.2924697071141057E-26; 0.0; 3.4698704716584156E-18; 2.1175823681357508E-22; 6.462348535570529E-27; 6.938900547201523E-18; 6.938893903907228E-18; 1.588202931973152E-22; 5.293955920339377E-23; 0.0; 1.3878214636241708E-17; 1.3877794425259357E-17; 6.938946843466432E-18; 0.0; 3.311953624479896E-24; 6.938999783025635E-18; 
0.0; 0.0; 7.943518819923294E-23; 5.296540859753605E-23; 0.0; 1.3241352149384013E-23; 1.0587911840678754E-22; 1.3260739194990725E-23; 5.295248390046491E-23; 0.0; 0.0; 5.293955920339377E-23; 0.0; 6.939118903496191E-18; 0.0; 6.939112286051291E-18; 5.293955920339377E-23; 6.938893903907228E-18; 3.311953624479896E-24; 1.0587911840678754E-22; 
0.0; 1.2924697071141057E-26; 2.5849394142282115E-26; 1.0587911840678754E-22; 2.6482704298768027E-23; 1.3241352149384013E-23; 3.469764592540009E-18; 1.387800618349617E-17; 5.295248390046491E-23; 6.939112305438337E-18; 1.387801280094107E-17; 5.293955920339377E-23; 1.3234889800848443E-23; 1.1912047055617156E-22; 0.0; 1.0588558075532311E-22; 6.617768017851E-23; 0.0; 3.311953624479896E-24; 2.1175823681357508E-22; 
0.0; 1.9884646443950517E-23; 7.946103759337522E-23; 3.469605770631224E-18; 6.938946869315826E-18; 1.3241352149384013E-23; 3.469460190074589E-18; 1.3878231189547482E-17; 6.462348535570529E-27; 6.630369597495362E-24; 6.93910566860639E-18; 1.588219087844491E-22; 7.279512507893422E-23; 3.1765674226596934E-22; 0.0; 1.3878112075539275E-17; 6.617768017851E-23; 6.462348535570529E-27; 4.268284272516301E-22; 0.0; 
0; 0; 0; 1; 0; 0; 1; 0; 0; 1; 0; 0; 1; 0; 0; 0; 1; 1; 1; w; 