w1111 10000 10000 10000 10000
1w111 01000 01000 01000 01000
11w11 00100 00100 00100 00100
111w1 00010 00010 00010 00010
1111w 00001 00001 00001 00001

10000 w1111 01000 01000 01000
01000 1w111 00100 00100 00100
00100 11w11 00010 00010 00010
00010 111w1 00001 00001 00010
00001 1111w 10000 10000 10000

10000 00001 w1111 00100 00100
01000 10000 1w111 00010 00010
00100 01000 11w11 00001 00001
00010 00100 111w1 10000 10000
00001 00010 1111w 01000 01000

10000 00001 00010 w1111 00010
01000 10000 00001 1w111 00001
00100 01000 10000 11w11 10000
00010 00100 01000 111w1 01000
00001 00010 00100 1111w 00100

10000 00001 00010 00100 w1111
01000 10000 00001 00010 1w111
00100 01000 10000 00001 11w11
00010 00100 01000 10000 111w1
00001 00010 00100 01000 1111w